2,24,26,5,42,50
87,24,26,5,42,50
111,54,51,69,52,14
124,20,30,12,26,37
121,43,74,31,33,17
108,38,30,64,27,37
100,14,61,17,39,44
118,42,18,39,68,61
109,54,22,57,50,12
117,42,15,19,64,30
88,32,63,41,70,67
3,15,48,23,22,5,73,36,48,60,74
81,15,48,23,22,5,73,36,48,60,74
104,51,43,36,7,26,12,41,19,59,48
83,24,58,69,21,23,26,9,61,34,11
91,37,68,11,25,17,45,27,43,60,23
91,13,20,42,73,72,53,10,12,21,13
113,24,11,17,67,52,9,10,32,31,58
94,5,56,68,68,61,45,8,50,60,70
80,33,74,22,17,38,28,12,70,67,29
87,13,20,14,11,19,29,70,43,68,37
109,68,43,49,73,23,5,16,44,64,24
20,31,51,32,53,41,65,26,32,38,63,60,33,65,52,59
147,31,51,32,53,41,65,26,32,38,63,60,33,65,52,59
121,40,73,57,33,29,44,25,59,39,46,66,55,45,32,65
118,52,64,67,48,32,56,33,29,62,41,65,46,56,64,41
131,43,57,62,67,40,54,45,63,26,37,49,27,53,69,34
111,38,55,63,32,64,51,64,39,49,42,28,60,43,26,33
145,66,66,71,56,38,44,43,68,59,30,29,34,45,49,33
107,70,65,48,27,50,53,46,62,41,63,73,31,68,34,55
104,49,29,40,63,26,52,43,63,73,39,53,66,51,45,45
112,53,43,35,38,39,72,69,65,32,43,72,26,55,30,34
108,68,67,41,67,44,40,55,42,27,63,39,45,28,68,30
109,69,63,38,48,70,26,33,63,31,36,30,32,41,58,37,38,65,33,27,50
20,69,63,38,48,70,26,33,63,31,36,30,32,41,58,37,38,65,33,27,50
126,38,59,35,60,72,30,69,71,40,32,32,34,33,69,25,34,55,37,62,46
107,25,48,45,38,36,29,31,47,69,53,40,41,46,64,38,39,28,40,49,62
100,44,40,43,34,29,43,70,38,56,65,44,62,30,73,30,37,39,72,45,39
127,27,72,53,49,31,63,36,26,72,44,61,38,50,47,45,63,56,53,37,40
131,42,66,64,43,34,72,51,47,60,74,71,50,57,46,67,46,54,62,72,31
122,41,45,25,35,67,53,39,63,67,65,38,40,64,39,28,65,49,66,30,33
117,70,71,62,74,35,31,46,67,60,54,61,43,65,63,29,53,46,53,46,60
108,31,65,34,69,36,57,35,33,26,65,54,47,52,48,49,34,35,52,33,73
108,58,46,57,57,31,58,60,52,69,34,28,68,36,27,33,30,62,42,25,63
50,115,125,84,123,117,132,90,103,95,106,76,104,112,133,148,118,96,106,99,105,125,109,142,123,103,107,86,114,141,75
221,115,125,84,123,117,132,90,103,95,106,76,104,112,133,148,118,96,106,99,105,125,109,142,123,103,107,86,114,141,75
236,112,108,134,102,140,100,149,148,100,100,137,106,133,120,117,99,84,91,80,127,99,130,121,113,147,99,140,142,117,146
234,92,138,136,131,123,85,131,146,133,96,138,124,127,116,140,125,87,114,107,93,118,127,116,88,101,79,106,138,142,124
237,138,126,135,138,100,126,97,128,139,96,135,111,105,125,81,113,93,92,149,110,97,89,89,100,89,117,119,115,126,78
203,114,142,94,101,141,99,147,102,124,77,134,128,83,111,132,126,141,147,93,142,117,121,101,97,103,110,83,90,117,135
232,146,99,130,119,92,76,111,135,94,88,137,135,82,88,95,87,98,133,137,75,107,148,88,116,141,94,109,98,94,133
200,83,117,114,93,127,79,79,94,99,95,140,140,101,125,141,108,89,93,104,121,138,117,76,109,99,86,109,134,91,128
221,138,143,134,125,124,116,136,137,143,107,79,89,108,137,79,136,86,95,136,99,135,146,125,95,93,119,132,130,146,129
211,110,132,122,139,115,104,148,132,101,117,149,96,143,126,110,138,126,82,114,106,115,119,83,130,142,140,76,82,98,122
239,145,126,85,94,123,76,123,103,119,92,146,100,146,113,80,112,130,97,100,108,103,101,120,142,88,135,127,135,104,141
