C = 2, w = 24,26,5,42,50
Solver: infeasable, First Fit: [[24], [26], [5], [42], [50]]

C = 117, w = 42,15,19,64,30
Solver: [[42, 15, 19, 30], [64], [], [], []], First Fit: [[42, 15, 19, 30], [64], [], [], []]

C = 3, w = 15,48,23,22,5,73,36,48,60,74
Solver: infeasable, First Fit: [[15], [48], [23], [22], [5], [73], [36], [48], [60], [74]]

c = 81, w = 15,48,23,22,5,73,36,48,60,74
Solver:[[5, 74], [23, 36], [73], [48, 22], [60], [48], [], [], [], []] , First Fit: [[15, 48, 5], [23, 22, 36], [73], [48], [60], [74]]

C = 20, w = 31,51,32,53,41,65,26,32,38,63,60,33,65,52,59
Solver: infeasable, First Fit: [[31], [51], [32], [53], [41], [65], [26], [32], [38], [63], [60], [33], [65], [52], [59]]

C = 147, w = 31,51,32,53,41,65,26,32,38,63,60,33,65,52,59
Solver: [[], [], [32, 52, 59], [31, 51, 65], [], [], [], [53, 26, 63], [], [], [], [], [], [41, 60], [33, 65]], First Fit: [[31, 51, 32, 26], [53, 41, 32], [65, 38, 33], [63, 60], [65, 52], [59]]